sw1: 132.39105224609375
sb1: 477.979248046875
sw2: 104.5826187133789
sb2: 462.671875
